,APC,AXIN1,BIRC5,CCNA1,CCNA2,CCND2,CCND3,CCNE1,CCNE2,CD44,DKK1,DKK4,ICAM1,JUNB,MMP2,MMP7,MMP9,MYC,NANOG,PARP1,RYK,SFRP4,VEGFA,WNT2,CDC45,CDC6,CDC7,CK2,DLL1,DLL3,JAG1,BMP2,BMPR1A,BMPR1B,LEF1,RUNX1,RUNX1T1,RUNX2,SNAIL1,TCF3,TCF4,TCF7, TLE1,TLE2,TLE3,TLE4,CCND1,CCNB1,CCNB2,FOXM1,CXCR4,CDC25C
APC,1,0.360561367,-0.064527546,-0.339934922,-0.475770218,-0.251484154,-0.188711928,-0.561862141,-0.076009112,0.151411918,0.035526243,-0.498343653,0.747089254,-0.079179664,0.282466866,-0.053841733,0.231271794,-0.112522953,0.556580501,0.201400892,-0.237237852,0.478432025,-0.31380201,-0.234069313,-0.051010024,-0.020494871,-0.246368396,0.424616787,-0.171187532,-0.121490147,0.490520608,-0.375181539,-0.046107979,-0.265692242,-0.447838436,-0.307569968,-0.016903173,0.051124346,-0.051598846,-0.281505084,-0.200353625,0.149642681,-0.087112722,0.118281559,-0.172645186,-0.296460368,-0.138691145,-0.463237474,-0.255795581,-0.084118233,0.107197833,-0.240152085
AXIN1,0.360561367,1,-0.005762488,-0.150931996,-0.361126634,0.020224703,0.53116866,-0.03222898,-0.13708398,0.366690163,0.043801786,-0.073941522,0.420361224,0.120560632,0.215732907,0.01636933,0.183742114,0.168715121,0.211222744,-0.057270658,0.099899817,0.055010032,0.12488525,-0.023153328,0.018674162,-0.004118836,-0.088847215,0.447902395,-0.088095619,0.031068132,0.326901314,-0.259487894,-0.254302694,-0.09886478,-0.081359601,-0.084451173,-0.074794906,0.124669548,0.384824943,-0.137072024,-0.072668214,0.083888386,-0.150841082,-0.02942876,0.191765975,-0.125949551,-0.332373997,-0.239190488,-0.016990853,-0.081943478,0.594377566,-0.119542231
BIRC5,-0.064527546,-0.005762488,1,0.086825066,0.507650998,0.242057918,-0.291507054,-0.331683921,0.480989147,0.166578552,-0.33424283,-0.169156162,-0.078147223,-0.254943306,0.235270155,0.314378767,0.486554136,0.179169396,0.186312576,0.682817899,0.140154406,0.197058802,-0.431690209,0.236509555,0.447448031,0.4825702,-0.291144102,0.045342639,-0.239026859,0.093951316,0.142425397,-0.479435403,-0.412530377,-0.416993423,-0.418841945,-0.372753108,0.154292318,-0.199864407,-0.112732779,-0.412828418,-0.346706841,-0.112752841,-0.121434457,-0.117544896,-0.233222094,-0.404267809,0.066430492,0.338603274,0.650023661,0.479222848,-0.137810137,0.53758927
CCNA1,-0.339934922,-0.150931996,0.086825066,1,0.210168847,-0.010758064,0.016570963,0.14094671,0.359174457,0.214547201,-0.291858945,-0.008963618,-0.181986491,0.055636064,0.143419966,0.236969888,-0.060041901,-0.033948506,-0.289443172,0.007523654,0.273146972,0.097697442,-0.024944632,0.266991393,0.340827282,0.16154141,0.094635288,0.059695106,0.271242355,0.073702303,0.014063945,0.361470381,-0.02032599,0.070287626,-0.177915576,0.121475956,0.069865536,-0.055256239,-0.063821877,0.029388856,0.143399192,0.018915471,-0.006592646,0.017715991,0.092055052,0.075987092,-0.327677555,0.07660945,0.090034944,0.455682024,-0.010965329,0.218132936
CCNA2,-0.475770218,-0.361126634,0.507650998,0.210168847,1,0.396864507,-0.130956018,0.316644892,0.658320919,-0.173730426,-0.13388751,-0.184206356,-0.418536042,-0.285173152,-0.150702796,-0.188745576,0.313782745,0.39747434,-0.303548653,0.226184243,0.493414363,-0.43556073,-0.107036833,0.182749942,0.253580399,0.329630279,-0.091373915,-0.222549434,-0.093556381,0.283074491,-0.251148555,-0.118084353,-0.143603697,-0.162559654,0.004025855,-0.12302763,-0.16665248,-0.27355319,-0.107975624,-0.071145799,-0.181236282,-0.201811533,-0.230975534,-0.199317991,-0.044312605,-0.127466314,0.515490103,0.719861317,0.522132491,0.317913383,-0.432988642,0.810048535
CCND2,-0.251484154,0.020224703,0.242057918,-0.010758064,0.396864507,1,0.298502955,0.342542195,0.238904979,0.073513396,-0.13955082,0.16195388,-0.209286749,-0.382915609,0.028443481,-0.116744638,0.215927057,0.127559125,-0.140736599,0.108459695,0.439224676,-0.135421266,0.058535607,0.047368532,0.09247547,0.145621983,-0.240476314,0.023802273,-0.250290411,0.266099821,-0.11818174,-0.38236455,-0.144160226,-0.262287811,0.173699702,-0.241098601,0.050635606,0.044167739,0.188900207,-0.252907811,-0.22689393,-0.209862078,0.089762866,-0.29119092,0.206902054,-0.277884015,0.300581428,0.225055554,-0.005297618,0.018507172,-0.011769332,0.376760725
CCND3,-0.188711928,0.53116866,-0.291507054,0.016570963,-0.130956018,0.298502955,1,0.549971643,-0.164211448,0.188617425,0.16212975,0.461745682,0.027947391,-0.006501343,-0.085085362,-0.231841471,-0.076741291,-0.082270649,-0.155919984,-0.366252669,0.120244966,-0.276939357,0.456674913,0.018002856,-0.254949451,-0.338983069,0.081561659,-0.024422261,0.018207092,-0.022753744,-0.164330683,0.018510315,-0.022747505,0.258578522,0.563402551,0.233763567,-0.1569095,0.20952509,0.134244964,0.223748639,0.1966601,-0.083452733,0.003774243,-0.07210628,0.625797021,0.223300159,-0.123826319,0.024143586,-0.139976781,-0.087314479,0.352350327,-0.007426841
CCNE1,-0.561862141,-0.03222898,-0.331683921,0.14094671,0.316644892,0.342542195,0.549971643,1,0.013713027,0.115558323,0.138939676,0.16813713,-0.290816007,0.230532873,-0.217608816,-0.207503013,-0.083161527,0.286031208,-0.66849619,-0.404618666,0.557381164,-0.539882686,0.796540902,0.083632736,-0.305322461,-0.362858912,0.461714638,-0.146586366,0.433355451,0.236328547,-0.310643479,0.553028006,0.326123611,0.596840613,0.609621285,0.569168987,-0.213002043,0.187359003,0.046993347,0.598250813,0.512157436,0.098963569,-0.101074008,0.085975031,0.594976818,0.580720685,0.186016395,0.324701579,-0.034036606,-0.085240328,-0.017276819,0.283344988
CCNE2,-0.076009112,-0.13708398,0.480989147,0.359174457,0.658320919,0.238904979,-0.164211448,0.013713027,1,-0.030796138,-0.294105631,-0.382571227,-0.143833961,-0.366087442,-0.014458776,-0.018981598,0.461016518,0.341961551,-0.2208492,0.420562334,0.354721466,-0.073500512,-0.411968923,0.083489003,0.368655534,0.522792306,-0.231379893,0.011947424,-0.13977024,0.029274306,0.055664316,-0.451955435,-0.14799128,-0.35031199,-0.348543413,-0.293749541,-0.078034471,-0.361966055,-0.239072773,-0.21394147,-0.286458878,-0.24866948,-0.088615342,-0.245869594,-0.121956252,-0.325625382,0.401745839,0.20924136,0.272288778,0.204782071,-0.363796538,0.50704103
CD44,0.151411918,0.366690163,0.166578552,0.214547201,-0.173730426,0.073513396,0.188617425,0.115558323,-0.030796138,1,-0.334809634,-0.201277627,0.315248427,0.070445706,0.800145174,0.562505508,0.407538683,0.025012152,-0.193241941,0.220491756,0.388770388,0.428253447,0.214091147,0.052145339,0.069746941,-0.057727921,0.047894334,0.458394504,0.282911578,0.272143354,0.523310609,0.042572648,-0.021410224,0.180557121,-0.251349213,0.083420376,0.139241205,0.249854836,-0.13832751,-0.074074311,0.25427185,0.425997004,-0.229630919,0.592779548,0.263219992,0.079822458,-0.346498501,-0.09025127,0.092999455,0.337410937,-0.063653201,0.17287941
DKK1,0.035526243,0.043801786,-0.33424283,-0.291858945,-0.13388751,-0.13955082,0.16212975,0.138939676,-0.294105631,-0.334809634,1,-0.010902014,-0.071685502,0.026847142,-0.355254047,-0.337933499,-0.277636166,-0.050102465,-0.164218377,-0.36410768,-0.086666231,-0.408417594,0.208295602,-0.217692045,-0.257999207,-0.297695223,0.109015732,-0.150093441,-0.020476527,0.185909435,-0.342691682,0.169413423,0.26342363,0.07900564,0.439292597,0.174200426,-0.212993027,-0.289432831,0.031931443,0.158579295,0.08811041,-0.16082083,-0.058797548,-0.031621781,0.188201202,0.100321231,0.319900734,0.254780196,0.011114319,-0.129509621,0.004772084,-0.110285897
DKK4,-0.498343653,-0.073941522,-0.169156162,-0.008963618,-0.184206356,0.16195388,0.461745682,0.16813713,-0.382571227,-0.201277627,-0.010902014,1,-0.42876377,0.050853152,-0.189810355,0.011473994,-0.334145785,-0.29679823,-0.093360507,-0.204663564,-0.370905933,-0.139840484,0.183855434,0.11805931,-0.090285754,-0.148088692,0.082716044,-0.368310766,-0.057374918,-0.306809799,-0.311649485,0.059402262,0.007367225,0.18703403,0.451834991,0.179662011,-0.030781278,0.188119781,0.151065253,0.161597835,0.080618318,-0.097442421,0.273135845,-0.183563625,0.186031495,0.188277695,-0.156077854,-0.101167416,-0.021616267,-0.175235219,0.184450377,-0.242202232
ICAM1,0.747089254,0.420361224,-0.078147223,-0.181986491,-0.418536042,-0.209286749,0.027947391,-0.290816007,-0.143833961,0.315248427,-0.071685502,-0.42876377,1,0.160795472,0.291719455,0.034718572,0.141193054,-0.154656564,0.48037221,0.003317916,-0.208758533,0.384754059,0.058950026,-0.148921873,-0.071603435,-0.047150162,0.0441465,0.447275692,0.141661234,-0.269764719,0.574828386,-0.002156998,-0.138576558,0.08429516,-0.245441769,0.078437561,-0.072214693,0.486792791,-0.018234448,0.031469258,0.190624583,0.298598865,-0.167385754,0.344366903,0.131780403,0.084792723,-0.351681004,-0.449404111,-0.19160859,0.207909333,0.337363077,-0.254338978
JUNB,-0.079179664,0.120560632,-0.254943306,0.055636064,-0.285173152,-0.382915609,-0.006501343,0.230532873,-0.366087442,0.070445706,0.026847142,0.050853152,0.160795472,1,-0.040775721,-0.017891494,-0.170964587,-0.152192732,-0.030848789,-0.186467389,-0.202216548,-0.014157892,0.643017799,-0.125268969,-0.245921695,-0.249808812,0.804164176,-0.116382039,0.700088446,-0.347023667,-0.04810036,0.885254279,0.42186727,0.792196348,0.072051326,0.800074661,0.099702112,0.388630962,0.258425639,0.823705863,0.778498577,0.646628873,-0.020278525,0.431385292,0.229950724,0.804541932,-0.294186028,-0.35926976,-0.126156314,0.049541248,0.512594336,-0.26873348
MMP2,0.282466866,0.215732907,0.235270155,0.143419966,-0.150702796,0.028443481,-0.085085362,-0.217608816,-0.014458776,0.800145174,-0.355254047,-0.189810355,0.291719455,-0.040775721,1,0.497159678,0.517444082,-0.112258153,-0.031694704,0.437068691,0.250590759,0.506278782,-0.13271335,0.003884937,0.169063096,0.10825581,-0.120821473,0.557845841,0.114625469,0.219318514,0.598871731,-0.203244096,-0.123802186,-0.084490442,-0.500258712,-0.153057486,0.066535917,0.053528783,-0.043430324,-0.261416601,0.014615141,0.428602635,-0.180727787,0.463170691,0.044481246,-0.163124502,-0.293212037,-0.091275426,0.167023475,0.380659193,-0.165069441,0.122180974
MMP7,-0.053841733,0.01636933,0.314378767,0.236969888,-0.188745576,-0.116744638,-0.231841471,-0.207503013,-0.018981598,0.562505508,-0.337933499,0.011473994,0.034718572,-0.017891494,0.497159678,1,0.021883045,-0.070485461,-0.180753365,0.193436307,0.072286652,0.544715403,-0.085050704,0.096921092,0.146555129,0.102860078,-0.046734428,0.27087672,0.154951137,0.15858921,0.395977975,-0.061361745,-0.144617485,-0.047582942,-0.34015836,-0.076423074,0.250546437,0.069548241,-0.110850553,-0.193396391,0.020385625,0.028396058,0.068955233,0.318624652,-0.180886049,-0.09912884,-0.361751383,-0.064170858,0.20058132,0.217480988,-0.112678935,-0.013799498
MMP9,0.231271794,0.183742114,0.486554136,-0.060041901,0.313782745,0.215927057,-0.076741291,-0.083161527,0.461016518,0.407538683,-0.277636166,-0.334145785,0.141193054,-0.170964587,0.517444082,0.021883045,1,0.314284047,-0.060418027,0.737219764,0.428156382,-0.021812646,-0.200794821,-0.119685097,0.239559934,0.269286882,-0.141133683,0.310825846,-0.058665778,0.169437111,0.320065789,-0.360681457,-0.042419338,-0.181720631,-0.280992862,-0.182236006,0.010560523,-0.209188946,-0.236016979,-0.260063573,-0.093674355,0.220008854,-0.136684034,0.030971815,-0.019720964,-0.193955711,-0.001395122,0.216527892,0.378766948,0.357017985,-0.305150809,0.512157331
MYC,-0.112522953,0.168715121,0.179169396,-0.033948506,0.39747434,0.127559125,-0.082270649,0.286031208,0.341961551,0.025012152,-0.050102465,-0.29679823,-0.154656564,-0.152192732,-0.112258153,-0.070485461,0.314284047,1,-0.322123484,0.226611923,0.638437652,-0.359560784,0.065462302,0.311572155,0.28762124,0.185248861,-0.117864814,0.306727773,-0.063208508,0.282570483,0.285345345,-0.357671329,-0.099156205,-0.238993269,-0.023656555,-0.177136443,-0.285351165,-0.153495713,0.110945755,-0.236489861,-0.271224851,-0.236740493,-0.220599873,-0.343800885,-0.085469033,-0.196545329,0.096361847,0.362179341,0.251127289,-0.194667487,-0.220748647,0.385271181
NANOG,0.556580501,0.211222744,0.186312576,-0.289443172,-0.303548653,-0.140736599,-0.155919984,-0.66849619,-0.2208492,-0.193241941,-0.164218377,-0.093360507,0.48037221,-0.030848789,-0.031694704,-0.180753365,-0.060418027,-0.322123484,1,0.202659341,-0.546749166,0.339698697,-0.387336506,0.07137359,-0.023398962,0.004510401,-0.240056526,-0.020571637,-0.339438626,-0.429222274,0.085165278,-0.398246541,-0.389218371,-0.321468216,-0.271105133,-0.297832141,0.068378163,0.259175513,0.243113154,-0.248463858,-0.266498526,0.047902766,0.00700392,-0.101568844,-0.204874722,-0.283514913,-0.258074308,-0.349524102,-0.232836181,-0.078534053,0.371977752,-0.31634231
PARP1,0.201400892,-0.057270658,0.682817899,0.007523654,0.226184243,0.108459695,-0.366252669,-0.404618666,0.420562334,0.220491756,-0.36410768,-0.204663564,0.003317916,-0.186467389,0.437068691,0.193436307,0.737219764,0.226611923,0.202659341,1,0.14860276,0.287605529,-0.471727914,0.171857598,0.408688631,0.375773386,-0.244597748,0.231945606,-0.179602185,0.056658329,0.310587708,-0.462103231,-0.135890164,-0.389064027,-0.519482321,-0.340343439,0.084967601,-0.274123276,-0.132384372,-0.409311089,-0.276135763,0.076627219,0.002442484,-0.136171968,-0.302034714,-0.358242273,-0.110891805,0.052078099,0.259555349,0.17999466,-0.210119932,0.367672773
RYK,-0.237237852,0.099899817,0.140154406,0.273146972,0.493414363,0.439224676,0.120244966,0.557381164,0.354721466,0.388770388,-0.086666231,-0.370905933,-0.208758533,-0.202216548,0.250590759,0.072286652,0.428156382,0.638437652,-0.546749166,0.14860276,1,-0.28314307,0.234643534,0.223795649,0.161289319,0.028145129,-0.046096332,0.346503674,0.126674406,0.674147389,0.099538221,-0.030450366,0.093672077,-0.072883692,0.046017017,-0.064499241,-0.141138893,-0.230437043,-0.01517415,-0.169469309,-0.036715886,-0.037263984,-0.229794492,-0.057606545,0.198854431,-0.096515656,0.086276289,0.572729177,0.227927214,0.14175677,-0.329937906,0.61124917
SFRP4,0.478432025,0.055010032,0.197058802,0.097697442,-0.43556073,-0.135421266,-0.276939357,-0.539882686,-0.073500512,0.428253447,-0.408417594,-0.139840484,0.384754059,-0.014157892,0.506278782,0.544715403,-0.021812646,-0.359560784,0.339698697,0.287605529,-0.28314307,1,-0.338773475,0.108577362,0.080663692,0.072549243,-0.190591045,0.204399497,-0.013857233,-0.117144723,0.373820356,-0.2850417,-0.272474703,-0.21174962,-0.62559285,-0.283270696,0.415839461,0.089759875,-0.067264997,-0.266828217,-0.161723381,0.074126273,0.157896973,0.219334113,-0.330737726,-0.259242719,-0.333897244,-0.599247119,-0.284241795,-0.00693879,0.222368267,-0.320732674
VEGFA,-0.31380201,0.12488525,-0.431690209,-0.024944632,-0.107036833,0.058535607,0.456674913,0.796540902,-0.411968923,0.214091147,0.208295602,0.183855434,0.058950026,0.643017799,-0.13271335,-0.085050704,-0.200794821,0.065462302,-0.387336506,-0.471727914,0.234643534,-0.338773475,1,-0.00729009,-0.447706892,-0.551085592,0.758729775,-0.099671733,0.695024608,0.003466463,-0.158202881,0.851015886,0.440838499,0.875015028,0.566291125,0.847689132,-0.216865924,0.510420473,0.146116702,0.811902987,0.819711783,0.451367143,-0.086991794,0.399023097,0.620335346,0.86718762,-0.121951054,0.014443392,-0.127610878,-0.041577184,0.280076777,-0.052242512
WNT2,-0.234069313,-0.023153328,0.236509555,0.266991393,0.182749942,0.047368532,0.018002856,0.083632736,0.083489003,0.052145339,-0.217692045,0.11805931,-0.148921873,-0.125268969,0.003884937,0.096921092,-0.119685097,0.311572155,0.07137359,0.171857598,0.223795649,0.108577362,-0.00729009,0,0.204489781,0.045592217,-0.038782501,0.080379447,0.070067066,0.038368167,-0.026920357,0.980259215,-0.216261862,-0.120711964,-0.137507287,-0.058197687,-0.12382395,0.034523546,0.10466659,-0.094781577,-0.132395457,-0.072590125,-0.153862333,-0.195960672,-0.037120194,-0.051727167,-0.0370079,0.144699386,0.095967784,-0.168629019,-0.108712753,0.048219668
CDC45,-0.051010024,0.018674162,0.447448031,0.340827282,0.253580399,0.09247547,-0.254949451,-0.305322461,0.368655534,0.069746941,-0.257999207,-0.090285754,-0.071603435,-0.245921695,0.169063096,0.146555129,0.239559934,0.28762124,-0.023398962,0.408688631,0.161289319,0.080663692,-0.447706892,0.204489781,1,0.888373796,-0.342960726,0.498511147,-0.273232351,0.247469471,0.445027411,-0.472264418,-0.105617411,-0.46143625,-0.485002226,-0.405294017,-0.170594504,-0.212693046,-0.035965857,-0.429108758,-0.357506329,-0.064217166,-0.274176667,-0.215982096,-0.307742133,-0.429390822,-0.107540267,0.150561532,0.425333126,0.326430405,-0.094495587,0.346573504
CDC6,-0.020494871,-0.004118836,0.4825702,0.16154141,0.329630279,0.145621983,-0.338983069,-0.362858912,0.522792306,-0.057727921,-0.297695223,-0.148088692,-0.047150162,-0.249808812,0.10825581,0.102860078,0.269286882,0.185248861,0.004510401,0.375773386,0.028145129,0.072549243,-0.551085592,0.045592217,0.888373796,1,-0.3759172,0.431984171,-0.344480834,0.113247207,0.406995752,-0.464623619,-0.169274016,-0.490258506,-0.549971108,-0.445636869,-0.123324035,-0.227418955,-0.012233754,-0.33762719,-0.399513161,-0.072888958,-0.244425769,-0.22304289,-0.374332433,-0.459717277,0.16840904,0.05032644,0.411411619,0.250366119,-0.106544846,0.281182026
CDC7,-0.246368396,-0.088847215,-0.291144102,0.094635288,-0.091373915,-0.240476314,0.081561659,0.461714638,-0.231379893,0.047894334,0.109015732,0.082716044,0.0441465,0.804164176,-0.120821473,-0.046734428,-0.141133683,-0.117864814,-0.240056526,-0.244597748,-0.046096332,-0.190591045,0.758729775,-0.038782501,-0.342960726,-0.3759172,1,-0.257011354,0.910211233,-0.204659087,-0.239154271,0.99670321,0.469927122,0.923896743,0.262762641,0.97039107,-0.04871337,0.316916928,-0.008216458,0.927254267,0.910299928,0.544068265,-0.006424742,0.416093152,0.31915887,0.968599965,-0.098351108,-0.121518289,-0.083180358,0.05989754,0.190446196,-0.110786803
CK2,0.424616787,0.447902395,0.045342639,0.059695106,-0.222549434,0.023802273,-0.024422261,-0.146586366,0.011947424,0.458394504,-0.150093441,-0.368310766,0.447275692,-0.116382039,0.557845841,0.27087672,0.310825846,0.306727773,-0.020571637,0.231945606,0.346503674,0.204399497,-0.099671733,0.080379447,0.498511147,0.431984171,-0.257011354,1,-0.080541489,0.307602296,0.815620957,-0.47034162,-0.133264258,-0.289684263,-0.455769146,-0.273315986,-0.253715827,0.047583807,0.134393827,-0.408426726,-0.149974434,0.207106625,-0.395100706,0.021208915,-0.032584659,-0.315986375,-0.260682917,-0.064560784,0.152093353,0.134855995,0.013417132,0.083745871
DLL1,-0.171187532,-0.088095619,-0.239026859,0.271242355,-0.093556381,-0.250290411,0.018207092,0.433355451,-0.13977024,0.282911578,-0.020476527,-0.057374918,0.141661234,0.700088446,0.114625469,0.154951137,-0.058665778,-0.063208508,-0.339438626,-0.179602185,0.126674406,-0.013857233,0.695024608,0.070067066,-0.273232351,-0.344480834,0.910211233,-0.080541489,1,-0.058098155,-0.04543886,0.961188073,0.472638388,0.868676526,0.096965859,0.876384708,-0.069842825,0.322129463,-0.102250048,0.791755281,0.889465251,0.584822888,-0.099177453,0.528597323,0.328618253,0.88448557,-0.190145092,-0.105175891,-0.016462879,0.201191144,0.05247516,-0.04429724
DLL3,-0.121490147,0.031068132,0.093951316,0.073702303,0.283074491,0.266099821,-0.022753744,0.236328547,0.029274306,0.272143354,0.185909435,-0.306809799,-0.269764719,-0.347023667,0.219318514,0.15858921,0.169437111,0.282570483,-0.429222274,0.056658329,0.674147389,-0.117144723,0.003466463,0.038368167,0.247469471,0.113247207,-0.204659087,0.307602296,-0.058098155,1,-0.039942864,-0.275604192,0.265403466,-0.269845131,-0.065149366,-0.270820071,0.027409709,-0.514989365,-0.183123276,-0.336255609,-0.2103704,-0.097904161,-0.184024907,0.018946068,-0.158183917,-0.320276096,0.16798064,0.573351378,0.225102932,0.119795191,-0.35907511,0.554542496
JAG1,0.490520608,0.326901314,0.142425397,0.014063945,-0.251148555,-0.11818174,-0.164330683,-0.310643479,0.055664316,0.523310609,-0.342691682,-0.311649485,0.574828386,-0.04810036,0.598871731,0.395977975,0.320065789,0.285345345,0.085165278,0.310587708,0.099538221,0.373820356,-0.158202881,-0.026920357,0.445027411,0.406995752,-0.239154271,0.815620957,-0.04543886,-0.039942864,1,-0.412390648,-0.242519825,-0.198687934,-0.504757702,-0.239419458,-0.242774656,0.330229938,0.067333999,-0.368361542,-0.094881503,0.238804363,-0.325378277,0.219726638,-0.008726645,-0.241329225,-0.360367518,-0.262308755,0.147377341,0.202835733,-0.008758593,-0.012450588
BMP2,-0.375181539,-0.259487894,-0.479435403,0.361470381,-0.118084353,-0.38236455,0.018510315,0.553028006,-0.451955435,0.042572648,0.169413423,0.059402262,-0.002156998,0.885254279,-0.203244096,-0.061361745,-0.360681457,-0.357671329,-0.398246541,-0.462103231,-0.030450366,-0.2850417,0.851015886,0.980259215,-0.472264418,-0.464623619,0.99670321,-0.47034162,0.961188073,-0.275604192,-0.412390648,1,0.976634572,0.941652683,0.281064883,0.980249152,-0.113669357,0.334174396,-0.095431784,0.996203292,0.948306552,0.788156563,0.248691683,0.498616579,0.398846619,0.973921963,-0.173805253,-0.201929392,-0.16067295,0.155269173,0.195022201,-0.223542659
BMPR1A,-0.046107979,-0.254302694,-0.412530377,-0.02032599,-0.143603697,-0.144160226,-0.022747505,0.326123611,-0.14799128,-0.021410224,0.26342363,0.007367225,-0.138576558,0.42186727,-0.123802186,-0.144617485,-0.042419338,-0.099156205,-0.389218371,-0.135890164,0.093672077,-0.272474703,0.440838499,-0.216261862,-0.105617411,-0.169274016,0.469927122,-0.133264258,0.472638388,0.265403466,-0.242519825,0.976634572,1,0.539432368,0.227135552,0.53083017,-0.162598213,-0.053256683,-0.216933167,0.55309221,0.580038972,0.437878971,-0.009167755,0.336915759,0.251395665,0.515288615,0.219591417,-0.031153898,-0.113560783,-0.022453396,-0.231079827,0.033126715
BMPR1B,-0.265692242,-0.09886478,-0.416993423,0.070287626,-0.162559654,-0.262287811,0.258578522,0.596840613,-0.35031199,0.180557121,0.07900564,0.18703403,0.08429516,0.792196348,-0.084490442,-0.047582942,-0.181720631,-0.238993269,-0.321468216,-0.389064027,-0.072883692,-0.21174962,0.875015028,-0.120711964,-0.46143625,-0.490258506,0.923896743,-0.289684263,0.868676526,-0.269845131,-0.198687934,0.941652683,0.539432368,1,0.385321827,0.963356341,-0.044115934,0.487252736,-0.018740725,0.961889969,0.952866717,0.639185977,-0.049076555,0.597419092,0.518360895,0.97536174,-0.200612201,-0.163087659,-0.115026762,0.092617581,0.190711857,-0.143942235
LEF1,-0.447838436,-0.081359601,-0.418841945,-0.177915576,0.004025855,0.173699702,0.563402551,0.609621285,-0.348543413,-0.251349213,0.439292597,0.451834991,-0.245441769,0.072051326,-0.500258712,-0.34015836,-0.280992862,-0.023656555,-0.271105133,-0.519482321,0.046017017,-0.62559285,0.566291125,-0.137507287,-0.485002226,-0.549971108,0.262762641,-0.455769146,0.096965859,-0.065149366,-0.504757702,0.281064883,0.227135552,0.385321827,1,0.414548773,-0.216122825,0.16938855,0.030984018,0.386136177,0.32370064,-0.175842573,0.028601079,-0.0986761,0.565859173,0.389879266,0.035424032,0.293568186,-0.091726078,-0.117863314,0.05613023,-0.056086411
RUNX1,-0.307569968,-0.084451173,-0.372753108,0.121475956,-0.12302763,-0.241098601,0.233763567,0.569168987,-0.293749541,0.083420376,0.174200426,0.179662011,0.078437561,0.800074661,-0.153057486,-0.076423074,-0.182236006,-0.177136443,-0.297832141,-0.340343439,-0.064499241,-0.283270696,0.847689132,-0.058197687,-0.405294017,-0.445636869,0.97039107,-0.273315986,0.876384708,-0.270820071,-0.239419458,0.980249152,0.53083017,0.963356341,0.414548773,1,-0.35581853,0.453636395,-0.006110266,0.94772841,0.961054974,0.597535233,-0.029933081,0.492513441,0.523353548,0.991236712,-0.132035029,-0.117649227,-0.084485856,0.113260377,0.224385536,-0.138521331
RUNX1T1,-0.016903173,-0.074794906,0.154292318,0.069865536,-0.16665248,0.050635606,-0.1569095,-0.213002043,-0.078034471,0.139241205,-0.212993027,-0.030781278,-0.072214693,0.099702112,0.066535917,0.250546437,0.010560523,-0.285351165,0.068378163,0.084967601,-0.141138893,0.415839461,-0.216865924,-0.12382395,-0.170594504,-0.123324035,-0.04871337,-0.253715827,-0.069842825,0.027409709,-0.242774656,-0.113669357,-0.162598213,-0.044115934,-0.216122825,-0.35581853,1,-0.105688393,-0.323480947,-0.423625614,-0.093700792,-0.136017931,0.6383232,0.07082199,-0.478002883,-0.254780065,-0.183036378,-0.269819558,-0.212619847,0.022121192,0.200430708,-0.143885941
RUNX2,0.051124346,0.124669548,-0.199864407,-0.055256239,-0.27355319,0.044167739,0.20952509,0.187359003,-0.361966055,0.249854836,-0.289432831,0.188119781,0.486792791,0.388630962,0.053528783,0.069548241,-0.209188946,-0.153495713,0.259175513,-0.274123276,-0.230437043,0.089759875,0.510420473,0.034523546,-0.212693046,-0.227418955,0.316916928,0.047583807,0.322129463,-0.514989365,0.330229938,0.334174396,-0.053256683,0.487252736,0.16938855,0.453636395,-0.105688393,1,0.187375234,0.424273998,0.521005795,0.426223837,-0.065292565,0.40530766,0.451499657,0.49207931,-0.537589315,-0.369818321,-0.216568024,0.049587065,0.322454683,-0.292723692
SNAIL1,-0.051598846,0.384824943,-0.112732779,-0.063821877,-0.107975624,0.188900207,0.134244964,0.046993347,-0.239072773,-0.13832751,0.031931443,0.151065253,-0.018234448,0.258425639,-0.043430324,-0.110850553,-0.236016979,0.110945755,0.243113154,-0.132384372,-0.01517415,-0.067264997,0.146116702,0.10466659,-0.035965857,-0.012233754,-0.008216458,0.134393827,-0.102250048,-0.183123276,0.067333999,-0.095431784,-0.216933167,-0.018740725,0.030984018,-0.006110266,-0.323480947,0.187375234,1,0.054294106,-0.071941321,0.010336464,-0.228083147,-0.202680472,0.198452891,-0.034321476,-0.164952524,-0.132504219,-0.18854185,-0.288509618,0.464907052,-0.197698479
TCF3,-0.281505084,-0.137072024,-0.412828418,0.029388856,-0.071145799,-0.252907811,0.223748639,0.598250813,-0.21394147,-0.074074311,0.158579295,0.161597835,0.031469258,0.823705863,-0.261416601,-0.193396391,-0.260063573,-0.236489861,-0.248463858,-0.409311089,-0.169469309,-0.266828217,0.811902987,-0.094781577,-0.429108758,-0.33762719,0.927254267,-0.408426726,0.791755281,-0.336255609,-0.368361542,0.996203292,0.55309221,0.961889969,0.386136177,0.94772841,-0.423625614,0.424273998,0.054294106,1,0.891909219,0.629929973,-0.028306477,0.479459095,0.467332764,0.984409983,0.088269594,-0.218823034,-0.170072542,-0.027585071,0.244729764,-0.199124204
TCF4,-0.200353625,-0.072668214,-0.346706841,0.143399192,-0.181236282,-0.22689393,0.1966601,0.512157436,-0.286458878,0.25427185,0.08811041,0.080618318,0.190624583,0.778498577,0.014615141,0.020385625,-0.093674355,-0.271224851,-0.266498526,-0.276135763,-0.036715886,-0.161723381,0.819711783,-0.132395457,-0.357506329,-0.399513161,0.910299928,-0.149974434,0.889465251,-0.2103704,-0.094881503,0.948306552,0.580038972,0.952866717,0.32370064,0.961054974,-0.093700792,0.521005795,-0.071941321,0.891909219,1,0.694208119,-0.078740887,0.628601258,0.552358782,0.955064923,-0.192574772,-0.163002581,-0.103148802,0.220115263,0.185110101,-0.119455016
TCF7,0.149642681,0.083888386,-0.112752841,0.018915471,-0.201811533,-0.209862078,-0.083452733,0.098963569,-0.24866948,0.425997004,-0.16082083,-0.097442421,0.298598865,0.646628873,0.428602635,0.028396058,0.220008854,-0.236740493,0.047902766,0.076627219,-0.037263984,0.074126273,0.451367143,-0.072590125,-0.064217166,-0.072888958,0.544068265,0.207106625,0.584822888,-0.097904161,0.238804363,0.788156563,0.437878971,0.639185977,-0.175842573,0.597535233,-0.136017931,0.426223837,0.010336464,0.629929973,0.694208119,1,-0.21101154,0.705175009,0.311285053,0.630721603,-0.259699197,-0.254978449,0.019252806,0.248459362,0.073064579,-0.049944817
 TLE1,-0.087112722,-0.150841082,-0.121434457,-0.006592646,-0.230975534,0.089762866,0.003774243,-0.101074008,-0.088615342,-0.229630919,-0.058797548,0.273135845,-0.167385754,-0.020278525,-0.180727787,0.068955233,-0.136684034,-0.220599873,0.00700392,0.002442484,-0.229794492,0.157896973,-0.086991794,-0.153862333,-0.274176667,-0.244425769,-0.006424742,-0.395100706,-0.099177453,-0.184024907,-0.325378277,0.248691683,-0.009167755,-0.049076555,0.028601079,-0.029933081,0.6383232,-0.065292565,-0.228083147,-0.028306477,-0.078740887,-0.21101154,1,-0.135044245,-0.288364754,-0.010974126,-0.23728375,-0.305033792,-0.424612743,-0.251260211,0.18415912,-0.334696014
TLE2,0.118281559,-0.02942876,-0.117544896,0.017715991,-0.199317991,-0.29119092,-0.07210628,0.085975031,-0.245869594,0.592779548,-0.031621781,-0.183563625,0.344366903,0.431385292,0.463170691,0.318624652,0.030971815,-0.343800885,-0.101568844,-0.136171968,-0.057606545,0.219334113,0.399023097,-0.195960672,-0.215982096,-0.22304289,0.416093152,0.021208915,0.528597323,0.018946068,0.219726638,0.498616579,0.336915759,0.597419092,-0.0986761,0.492513441,0.07082199,0.40530766,-0.202680472,0.479459095,0.628601258,0.705175009,-0.135044245,1,0.284233971,0.519304287,-0.161082485,-0.166677692,0.004738922,0.343192061,-0.083338051,-0.068141972
TLE3,-0.172645186,0.191765975,-0.233222094,0.092055052,-0.044312605,0.206902054,0.625797021,0.594976818,-0.121956252,0.263219992,0.188201202,0.186031495,0.131780403,0.229950724,0.044481246,-0.180886049,-0.019720964,-0.085469033,-0.204874722,-0.302034714,0.198854431,-0.330737726,0.620335346,-0.037120194,-0.307742133,-0.374332433,0.31915887,-0.032584659,0.328618253,-0.158183917,-0.008726645,0.398846619,0.251395665,0.518360895,0.565859173,0.523353548,-0.478002883,0.451499657,0.198452891,0.467332764,0.552358782,0.311285053,-0.288364754,0.284233971,1,0.480056216,-0.058027037,0.081739959,-0.008023048,0.195183735,0.089626077,0.009480993
TLE4,-0.296460368,-0.125949551,-0.404267809,0.075987092,-0.127466314,-0.277884015,0.223300159,0.580720685,-0.325625382,0.079822458,0.100321231,0.188277695,0.084792723,0.804541932,-0.163124502,-0.09912884,-0.193955711,-0.196545329,-0.283514913,-0.358242273,-0.096515656,-0.259242719,0.86718762,-0.051727167,-0.429390822,-0.459717277,0.968599965,-0.315986375,0.88448557,-0.320276096,-0.241329225,0.973921963,0.515288615,0.97536174,0.389879266,0.991236712,-0.254780065,0.49207931,-0.034321476,0.984409983,0.955064923,0.630721603,-0.010974126,0.519304287,0.480056216,1,-0.198429363,-0.156751926,-0.126580837,0.060232543,0.220044809,-0.160390107
CCND1,-0.138691145,-0.332373997,0.066430492,-0.327677555,0.515490103,0.300581428,-0.123826319,0.186016395,0.401745839,-0.346498501,0.319900734,-0.156077854,-0.351681004,-0.294186028,-0.293212037,-0.361751383,-0.001395122,0.096361847,-0.258074308,-0.110891805,0.086276289,-0.333897244,-0.121951054,-0.0370079,-0.107540267,0.16840904,-0.098351108,-0.260682917,-0.190145092,0.16798064,-0.360367518,-0.173805253,0.219591417,-0.200612201,0.035424032,-0.132035029,-0.183036378,-0.537589315,-0.164952524,0.088269594,-0.192574772,-0.259699197,-0.23728375,-0.161082485,-0.058027037,-0.198429363,1,0.269686235,0.145893402,-0.219216132,-0.460889188,0.256909004
CCNB1,-0.463237474,-0.239190488,0.338603274,0.07660945,0.719861317,0.225055554,0.024143586,0.324701579,0.20924136,-0.09025127,0.254780196,-0.101167416,-0.449404111,-0.35926976,-0.091275426,-0.064170858,0.216527892,0.362179341,-0.349524102,0.052078099,0.572729177,-0.599247119,0.014443392,0.144699386,0.150561532,0.05032644,-0.121518289,-0.064560784,-0.105175891,0.573351378,-0.262308755,-0.201929392,-0.031153898,-0.163087659,0.293568186,-0.117649227,-0.269819558,-0.369818321,-0.132504219,-0.218823034,-0.163002581,-0.254978449,-0.305033792,-0.166677692,0.081739959,-0.156751926,0.269686235,1,0.655969912,0.364791486,-0.507535287,0.742736563
CCNB2,-0.255795581,-0.016990853,0.650023661,0.090034944,0.522132491,-0.005297618,-0.139976781,-0.034036606,0.272288778,0.092999455,0.011114319,-0.021616267,-0.19160859,-0.126156314,0.167023475,0.20058132,0.378766948,0.251127289,-0.232836181,0.259555349,0.227927214,-0.284241795,-0.127610878,0.095967784,0.425333126,0.411411619,-0.083180358,0.152093353,-0.016462879,0.225102932,0.147377341,-0.16067295,-0.113560783,-0.115026762,-0.091726078,-0.084485856,-0.212619847,-0.216568024,-0.18854185,-0.170072542,-0.103148802,0.019252806,-0.424612743,0.004738922,-0.008023048,-0.126580837,0.145893402,0.655969912,1,0.643879889,-0.374589156,0.612182558
FOXM1,-0.084118233,-0.081943478,0.479222848,0.455682024,0.317913383,0.018507172,-0.087314479,-0.085240328,0.204782071,0.337410937,-0.129509621,-0.175235219,0.207909333,0.049541248,0.380659193,0.217480988,0.357017985,-0.194667487,-0.078534053,0.17999466,0.14175677,-0.00693879,-0.041577184,-0.168629019,0.326430405,0.250366119,0.05989754,0.134855995,0.201191144,0.119795191,0.202835733,0.155269173,-0.022453396,0.092617581,-0.117863314,0.113260377,0.022121192,0.049587065,-0.288509618,-0.027585071,0.220115263,0.248459362,-0.251260211,0.343192061,0.195183735,0.060232543,-0.219216132,0.364791486,0.643879889,1,-0.131158998,0.484418692
CXCR4,0.107197833,0.594377566,-0.137810137,-0.010965329,-0.432988642,-0.011769332,0.352350327,-0.017276819,-0.363796538,-0.063653201,0.004772084,0.184450377,0.337363077,0.512594336,-0.165069441,-0.112678935,-0.305150809,-0.220748647,0.371977752,-0.210119932,-0.329937906,0.222368267,0.280076777,-0.108712753,-0.094495587,-0.106544846,0.190446196,0.013417132,0.05247516,-0.35907511,-0.008758593,0.195022201,-0.231079827,0.190711857,0.05613023,0.224385536,0.200430708,0.322454683,0.464907052,0.244729764,0.185110101,0.073064579,0.18415912,-0.083338051,0.089626077,0.220044809,-0.460889188,-0.507535287,-0.374589156,-0.131158998,1,-0.41870758
CDC25C,-0.240152085,-0.119542231,0.53758927,0.218132936,0.810048535,0.376760725,-0.007426841,0.283344988,0.50704103,0.17287941,-0.110285897,-0.242202232,-0.254338978,-0.26873348,0.122180974,-0.013799498,0.512157331,0.385271181,-0.31634231,0.367672773,0.61124917,-0.320732674,-0.052242512,0.048219668,0.346573504,0.281182026,-0.110786803,0.083745871,-0.04429724,0.554542496,-0.012450588,-0.223542659,0.033126715,-0.143942235,-0.056086411,-0.138521331,-0.143885941,-0.292723692,-0.197698479,-0.199124204,-0.119455016,-0.049944817,-0.334696014,-0.068141972,0.009480993,-0.160390107,0.256909004,0.742736563,0.612182558,0.484418692,-0.41870758,1